Element	MassNumber	13	15	18	20	25	30	40
He	3	1.70E-04	1.59E-04	2.24E-04	1.75E-04	1.85E-04	1.84E-04	1.80E-04
He	4	4.04E+00	4.95E+00	6.06E+00	7.03E+00	8.48E+00	7.92E+00	8.12E+00
Li	6	3.44E-17	6.50E-17	1.50E-16	2.89E-16	5.19E-23	2.23E-16	2.14E-20
Li	7	3.15E-15	7.20E-14	5.04E-13	1.56E-12	1.02E-13	8.01E-13	4.71E-12
Be	9	1.07E-16	1.08E-16	1.58E-16	5.51E-16	4.88E-24	3.78E-16	6.00E-22
B	10	2.55E-11	2.55E-11	1.55E-10	2.91E-11	3.09E-11	3.04E-11	6.57E-12
B	11	1.15E-10	1.15E-10	6.97E-10	4.60E-08	1.39E-10	1.37E-10	2.80E-11
C	12	8.78E-02	8.81E-02	1.05E-01	9.74E-02	1.32E-01	1.82E-01	4.58E-01
C	13	1.88E-04	2.09E-04	6.03E-02	2.92E-04	3.82E-04	3.39E-04	3.68E-04
N	14	9.08E-03	1.29E-02	7.27E-02	1.84E-02	3.15E-02	2.00E-02	2.60E-02
N	15	6.84E-06	8.70E-06	5.35E-02	2.78E-05	9.53E-05	4.98E-06	5.01E-06
O	16	3.85E-01	2.92E-01	5.21E-01	9.94E-01	2.20E+00	4.79E+00	7.96E+00
O	17	8.75E-05	8.66E-05	1.11E-03	1.04E-04	1.12E-04	1.20E-04	1.59E-04
O	18	1.95E-03	9.68E-04	5.20E-02	1.28E-03	8.48E-04	4.35E-05	8.37E-04
F	19	1.98E-06	2.13E-06	1.21E-05	5.36E-06	8.50E-05	1.16E-05	1.04E-06
Ne	20	1.32E-01	1.24E-01	2.00E-01	2.77E-01	8.20E-01	9.37E-01	1.88E+00
Ne	21	1.85E-04	1.43E-04	1.00E-03	2.58E-04	3.83E-04	7.21E-04	1.17E-03
Ne	22	1.05E-03	7.54E-04	4.17E-03	2.16E-03	4.57E-03	6.18E-03	2.87E-03
Na	23	1.50E-03	8.19E-04	6.63E-03	4.07E-03	6.25E-03	1.41E-02	2.61E-02
Mg	24	4.38E-02	7.46E-02	6.93E-02	9.65E-02	2.33E-01	2.18E-01	3.79E-01
Mg	25	1.38E-03	1.95E-03	8.19E-03	2.20E-03	6.04E-03	7.09E-03	1.20E-02
Mg	26	1.24E-03	1.93E-03	6.44E-03	1.88E-03	6.71E-03	7.07E-03	1.33E-02
Al	26	2.68E-06	4.79E-06	2.26E-05	8.65E-06	3.69E-06	1.18E-05	2.23E-05
Al	27	2.21E-03	3.31E-03	6.29E-03	5.13E-03	1.12E-02	1.69E-02	3.04E-02
Si	28	6.11E-02	1.03E-01	9.41E-02	1.24E-01	1.19E-01	3.95E-01	5.23E-01
Si	29	5.41E-04	1.12E-03	2.70E-03	1.27E-03	1.93E-03	3.37E-03	4.55E-03
Si	30	6.56E-04	1.29E-03	3.89E-03	1.61E-03	1.58E-03	4.82E-03	6.50E-03
P	31	1.50E-04	2.74E-04	7.36E-04	3.87E-04	3.86E-04	1.02E-03	1.48E-03
S	32	2.68E-02	3.44E-02	4.07E-02	5.15E-02	3.48E-02	1.90E-01	2.26E-01
S	33	9.09E-05	1.83E-04	2.62E-04	1.89E-04	1.66E-04	4.34E-04	4.55E-04
S	34	4.27E-04	9.56E-04	2.38E-03	9.12E-04	7.22E-04	2.03E-03	2.35E-03
S	36	7.10E-07	9.91E-07	7.79E-06	1.36E-06	2.68E-06	6.10E-06	1.19E-05
Cl	35	2.66E-05	5.21E-05	1.09E-04	5.46E-05	5.30E-05	1.23E-04	1.56E-04
Cl	37	1.01E-05	1.65E-05	4.60E-05	2.05E-05	3.03E-05	7.79E-05	1.13E-04
Ar	36	4.50E-03	4.31E-03	6.96E-03	7.99E-03	4.73E-03	3.09E-02	3.48E-02
Ar	38	1.66E-04	4.94E-04	7.43E-04	3.06E-04	2.67E-04	9.77E-04	1.14E-03
Ar	40	2.30E-07	3.74E-07	2.55E-06	3.30E-07	3.57E-07	9.25E-07	1.15E-06
K	39	1.78E-05	3.20E-05	7.20E-05	3.12E-05	2.64E-05	1.02E-04	9.93E-05
K	40	7.78E-09	9.13E-09	6.68E-08	1.85E-08	3.34E-08	7.91E-08	7.41E-08
K	41	1.87E-06	2.46E-06	7.11E-06	3.13E-06	3.43E-06	1.30E-05	1.35E-05
Ca	40	3.91E-03	3.08E-03	6.12E-03	6.50E-03	3.77E-03	2.59E-02	2.83E-02
Ca	42	4.16E-06	9.59E-06	1.81E-05	7.31E-06	6.00E-06	2.65E-05	2.98E-05
Ca	43	3.41E-07	3.60E-07	1.93E-06	5.23E-07	7.95E-07	9.89E-07	1.43E-06
Ca	44	2.07E-05	2.30E-05	3.40E-05	2.09E-05	2.65E-05	1.51E-05	1.88E-05
Ca	46	7.37E-08	1.18E-07	6.81E-07	1.10E-07	1.28E-07	1.97E-07	3.24E-07
Ca	48	3.22E-07	4.02E-07	2.37E-06	5.02E-07	6.19E-07	6.48E-07	7.80E-07
Sc	45	2.16E-07	2.48E-07	1.35E-06	3.61E-07	5.30E-07	1.09E-06	1.64E-06
Ti	46	5.16E-06	6.09E-06	8.19E-06	3.54E-06	5.14E-06	1.22E-05	1.40E-05
Ti	47	5.40E-06	3.40E-06	4.65E-06	1.33E-06	6.46E-06	1.46E-06	2.04E-06
Ti	48	8.17E-05	7.41E-05	1.37E-04	1.14E-04	8.94E-05	2.33E-04	2.68E-04
Ti	49	3.49E-06	2.81E-06	7.25E-06	5.19E-06	4.09E-06	1.36E-05	1.72E-05
Ti	50	5.85E-07	5.61E-07	3.72E-06	1.08E-06	2.25E-06	4.10E-06	7.70E-06
V	50	4.61E-09	4.94E-09	4.06E-08	1.01E-08	1.98E-08	5.38E-08	9.68E-08
V	51	1.31E-05	9.56E-06	1.23E-05	8.01E-06	1.41E-05	1.77E-05	2.20E-05
Cr	50	1.75E-05	2.71E-05	3.34E-05	3.06E-05	2.47E-05	8.56E-05	1.21E-04
Cr	52	1.11E-03	9.63E-04	1.81E-03	1.66E-03	1.24E-03	3.73E-03	4.07E-03
Cr	53	6.78E-05	5.90E-05	1.23E-04	1.04E-04	7.21E-05	2.43E-04	2.76E-04
Cr	54	1.75E-06	1.84E-06	1.07E-05	3.11E-06	5.79E-06	8.65E-06	1.39E-05
Mn	55	2.00E-04	1.71E-04	4.68E-04	3.29E-04	2.34E-04	7.61E-04	8.38E-04
Fe	54	1.24E-03	1.23E-03	2.63E-03	2.37E-03	1.41E-03	7.09E-03	9.39E-03
Fe	56	7.26E-02	7.30E-02	8.72E-02	7.40E-02	7.47E-02	7.46E-02	7.47E-02
Fe	57	1.05E-03	1.13E-03	4.00E-03	1.22E-03	1.05E-03	7.15E-04	7.31E-04
Fe	58	4.77E-05	4.89E-05	2.66E-04	9.17E-05	1.85E-04	2.89E-04	4.34E-04
Co	59	1.96E-04	1.31E-04	2.69E-04	6.21E-05	2.17E-04	1.28E-04	1.91E-04
Ni	58	5.14E-04	4.64E-04	2.25E-02	4.93E-04	5.44E-04	7.14E-04	8.27E-04
Ni	60	1.80E-03	1.67E-03	1.37E-03	1.29E-03	1.80E-03	2.63E-04	3.80E-04
Ni	61	4.25E-05	4.99E-05	2.66E-04	5.67E-05	6.09E-05	5.55E-05	9.80E-05
Ni	62	3.55E-05	2.40E-05	3.08E-03	9.09E-05	1.09E-04	1.75E-04	3.01E-04
Ni	64	1.09E-05	3.62E-06	6.68E-05	2.79E-05	9.88E-05	1.95E-04	4.25E-04
