Element	MassNumber	N1def	N3def	N5def	N10def	N20def	N40def	N100Ldef	N100def	N100Hdef	N150def	N200def	N300Cdef	N1600def	N1600Cdef
He	4	5.18E-05	7.82E-05	1.10E-04	1.29E-04	1.62E-04	2.02E-04	2.41E-04	2.15E-04	1.90E-04	2.43E-04	1.92E-04	1.95E-04	1.76E-04	1.79E-04
C	12	1.15E-02	2.38E-02	4.31E-02	5.99E-02	1.26E-01	2.17E-01	2.87E-01	2.47E-01	1.84E-01	2.60E-01	2.71E-01	2.86E-01	2.89E-01	3.10E-01
C	13	8.75E-09	2.48E-08	3.06E-08	4.51E-08	3.47E-07	1.73E-06	1.80E-07	2.16E-06	7.26E-07	2.39E-06	1.00E-06	1.58E-06	1.11E-06	5.28E-07
N	14	1.63E-06	5.15E-06	6.37E-06	9.46E-06	3.31E-05	6.09E-05	3.52E-05	7.33E-05	6.49E-05	7.04E-05	5.35E-05	7.61E-05	4.90E-05	3.79E-05
N	15	2.31E-09	7.82E-09	9.52E-09	1.45E-08	6.25E-08	1.34E-07	5.41E-08	1.47E-07	1.55E-07	1.30E-07	8.89E-08	1.37E-07	7.68E-08	5.75E-08
O	16	1.57E-02	3.57E-02	5.99E-02	8.50E-02	1.89E-01	3.03E-01	3.66E-01	3.34E-01	3.07E-01	3.54E-01	3.53E-01	3.81E-01	3.66E-01	3.90E-01
O	17	2.39E-07	7.19E-07	9.03E-07	1.32E-06	4.35E-06	7.64E-06	4.97E-06	9.24E-06	8.33E-06	9.64E-06	7.82E-06	1.07E-05	8.02E-06	5.70E-06
O	18	3.15E-09	1.14E-08	1.35E-08	2.12E-08	1.22E-07	3.05E-07	8.23E-08	3.54E-07	3.28E-07	2.88E-07	1.78E-07	2.99E-07	1.40E-07	8.83E-08
F	19	2.81E-11	9.97E-11	1.23E-10	1.93E-10	1.07E-09	2.72E-09	7.07E-10	2.84E-09	3.16E-09	2.30E-09	1.37E-09	2.31E-09	1.08E-09	7.48E-10
Ne	20	7.62E-04	2.38E-03	3.05E-03	5.09E-03	1.95E-02	3.10E-02	1.56E-02	2.67E-02	6.26E-02	2.60E-02	1.85E-02	2.52E-02	1.61E-02	1.58E-02
Ne	21	1.73E-07	5.66E-07	7.16E-07	1.09E-06	4.99E-06	1.08E-05	3.95E-06	1.23E-05	1.20E-05	1.06E-05	6.89E-06	1.08E-05	5.64E-06	4.18E-06
Ne	22	5.75E-04	1.17E-03	2.15E-03	2.98E-03	6.01E-03	1.03E-02	1.45E-02	1.17E-02	8.47E-03	1.25E-02	1.34E-02	1.39E-02	1.45E-02	1.57E-02
Na	23	1.27E-05	4.00E-05	5.06E-05	8.05E-05	3.63E-04	7.58E-04	2.79E-04	7.69E-04	1.06E-03	6.78E-04	4.40E-04	6.75E-04	3.78E-04	2.95E-04
Mg	24	9.79E-04	2.98E-03	3.94E-03	6.09E-03	1.63E-02	2.10E-02	1.81E-02	2.06E-02	3.23E-02	2.27E-02	1.92E-02	2.27E-02	1.76E-02	1.82E-02
Mg	25	1.69E-05	5.32E-05	6.80E-05	1.06E-04	4.26E-04	8.06E-04	3.60E-04	8.28E-04	1.14E-03	7.50E-04	5.17E-04	7.63E-04	4.45E-04	3.75E-04
Mg	26	2.43E-05	7.34E-05	9.62E-05	1.51E-04	5.86E-04	1.06E-03	5.06E-04	1.01E-03	1.69E-03	9.26E-04	6.44E-04	9.23E-04	5.51E-04	5.16E-04
Al	27	6.42E-05	2.04E-04	2.61E-04	4.22E-04	1.43E-03	2.13E-03	1.27E-03	1.88E-03	4.05E-03	1.89E-03	1.42E-03	1.85E-03	1.26E-03	1.27E-03
Si	28	5.24E-03	1.51E-02	2.48E-02	3.45E-02	7.23E-02	7.97E-02	8.04E-02	8.39E-02	9.45E-02	9.43E-02	8.46E-02	9.62E-02	7.63E-02	7.89E-02
Si	29	5.88E-05	1.72E-04	2.34E-04	3.55E-04	9.29E-04	1.21E-03	1.06E-03	1.19E-03	1.76E-03	1.33E-03	1.13E-03	1.33E-03	1.04E-03	1.07E-03
Si	30	1.09E-04	3.18E-04	4.33E-04	6.51E-04	1.57E-03	1.94E-03	1.92E-03	2.01E-03	2.55E-03	2.26E-03	1.98E-03	2.28E-03	1.84E-03	1.92E-03
P	31	2.53E-05	7.67E-05	1.03E-04	1.57E-04	3.93E-04	4.73E-04	4.49E-04	4.80E-04	6.50E-04	5.44E-04	4.76E-04	5.48E-04	4.36E-04	4.52E-04
S	32	1.77E-03	4.99E-03	8.59E-03	1.16E-02	2.30E-02	2.51E-02	2.54E-02	2.65E-02	2.99E-02	2.97E-02	2.68E-02	3.02E-02	2.40E-02	2.50E-02
S	33	8.11E-06	2.38E-05	3.52E-05	5.07E-05	1.15E-04	1.28E-04	1.27E-04	1.35E-04	1.49E-04	1.52E-04	1.36E-04	1.54E-04	1.24E-04	1.28E-04
S	34	8.17E-05	2.34E-04	3.68E-04	5.24E-04	1.17E-03	1.29E-03	1.32E-03	1.37E-03	1.47E-03	1.54E-03	1.38E-03	1.58E-03	1.26E-03	1.30E-03
S	36	1.11E-08	3.03E-08	4.14E-08	6.04E-08	1.31E-07	1.67E-07	1.78E-07	1.79E-07	1.81E-07	2.03E-07	1.82E-07	2.01E-07	1.71E-07	1.81E-07
Cl	35	4.96E-06	1.49E-05	2.08E-05	3.05E-05	7.07E-05	7.94E-05	7.83E-05	8.31E-05	9.29E-05	9.45E-05	8.41E-05	9.48E-05	7.63E-05	7.95E-05
Cl	37	5.91E-07	1.75E-06	2.78E-06	3.87E-06	8.58E-06	9.00E-06	8.53E-06	9.36E-06	1.10E-05	1.05E-05	9.45E-06	1.08E-05	8.39E-06	8.56E-06
Ar	36	2.71E-04	7.35E-04	1.32E-03	1.73E-03	3.25E-03	3.57E-03	3.60E-03	3.78E-03	4.30E-03	4.20E-03	3.81E-03	4.24E-03	3.40E-03	3.56E-03
Ar	38	3.29E-05	9.81E-05	1.59E-04	2.23E-04	5.04E-04	5.32E-04	5.22E-04	5.57E-04	6.37E-04	6.27E-04	5.65E-04	6.48E-04	5.05E-04	5.16E-04
Ar	40	2.67E-10	7.55E-10	1.02E-09	1.52E-09	3.53E-09	4.05E-09	3.94E-09	4.22E-09	4.80E-09	4.72E-09	4.18E-09	4.62E-09	3.82E-09	4.02E-09
K	39	1.73E-06	5.20E-06	8.21E-06	1.15E-05	2.61E-05	2.67E-05	2.48E-05	2.76E-05	3.42E-05	3.10E-05	2.77E-05	3.17E-05	2.44E-05	2.49E-05
K	41	9.08E-08	2.69E-07	4.31E-07	5.93E-07	1.32E-06	1.35E-06	1.25E-06	1.40E-06	1.73E-06	1.57E-06	1.41E-06	1.61E-06	1.24E-06	1.26E-06
Ca	40	2.31E-04	6.12E-04	1.14E-03	1.46E-03	2.62E-03	2.92E-03	2.96E-03	3.11E-03	3.52E-03	3.43E-03	3.14E-03	3.45E-03	2.82E-03	2.96E-03
Ca	42	6.68E-07	2.03E-06	3.25E-06	4.55E-06	1.07E-05	1.08E-05	1.00E-05	1.12E-05	1.39E-05	1.26E-05	1.13E-05	1.30E-05	9.91E-06	1.01E-05
Ca	43	1.46E-09	3.78E-09	5.36E-09	7.83E-09	2.01E-08	1.95E-08	1.56E-08	1.88E-08	2.64E-08	2.11E-08	1.77E-08	2.04E-08	1.53E-08	1.53E-08
Ca	44	1.97E-07	4.83E-07	8.98E-07	1.12E-06	1.90E-06	2.16E-06	2.07E-06	2.30E-06	2.58E-06	2.52E-06	2.33E-06	2.46E-06	2.10E-06	2.15E-06
Ca	46	4.82E-13	1.22E-12	1.97E-12	2.70E-12	6.42E-12	6.42E-12	5.59E-12	6.77E-12	6.67E-10	7.26E-12	6.12E-12	1.06E-11	5.47E-12	5.75E-12
Ca	48	7.17E-16	1.92E-15	5.29E-15	5.09E-15	1.51E-14	3.07E-15	1.03E-16	5.12E-15	9.58E-11	2.15E-15	3.03E-16	8.17E-14	9.48E-17	1.06E-16
Sc	45	3.03E-09	8.45E-09	1.40E-08	1.89E-08	3.88E-08	4.05E-08	3.50E-08	4.15E-08	5.35E-08	4.61E-08	4.17E-08	4.60E-08	3.70E-08	3.71E-08
Ti	46	3.21E-07	9.66E-07	1.57E-06	2.17E-06	4.78E-06	4.95E-06	4.66E-06	5.15E-06	6.32E-06	5.79E-06	5.24E-06	5.96E-06	4.65E-06	4.74E-06
Ti	47	1.29E-08	3.38E-08	5.66E-08	7.51E-08	1.50E-07	1.62E-07	1.48E-07	1.69E-07	2.00E-07	1.88E-07	1.71E-07	1.88E-07	1.54E-07	1.54E-07
Ti	48	6.11E-06	1.57E-05	3.09E-05	3.83E-05	6.36E-05	7.33E-05	6.93E-05	7.85E-05	8.79E-05	8.60E-05	8.19E-05	8.41E-05	7.41E-05	7.49E-05
Ti	49	5.30E-07	1.37E-06	2.68E-06	3.37E-06	5.60E-06	6.70E-06	5.76E-06	7.14E-06	8.07E-06	7.78E-06	7.66E-06	7.48E-06	7.06E-06	6.83E-06
Ti	50	2.09E-08	4.41E-08	1.24E-07	1.30E-07	3.30E-07	1.57E-07	5.04E-11	2.54E-07	1.01E-04	1.56E-07	4.38E-08	1.23E-06	3.40E-10	5.28E-10
V	50	1.90E-10	5.01E-10	9.42E-10	1.21E-09	2.42E-09	2.53E-09	6.23E-10	2.99E-09	3.00E-08	2.99E-09	2.57E-09	4.22E-09	2.09E-09	2.60E-09
V	51	2.89E-06	7.61E-06	1.50E-05	1.92E-05	3.13E-05	3.96E-05	2.79E-05	4.26E-05	9.92E-05	4.58E-05	4.76E-05	4.44E-05	4.65E-05	4.35E-05
Cr	50	1.00E-05	3.04E-05	5.40E-05	7.40E-05	1.30E-04	1.61E-04	1.04E-04	1.74E-04	2.02E-04	1.91E-04	2.02E-04	1.87E-04	2.10E-04	1.96E-04
Cr	52	2.37E-04	6.06E-04	1.28E-03	1.58E-03	2.59E-03	3.19E-03	2.45E-03	3.50E-03	7.18E-03	3.73E-03	3.75E-03	3.72E-03	3.54E-03	3.61E-03
Cr	53	4.43E-05	1.18E-04	2.40E-04	3.08E-04	4.92E-04	6.45E-04	3.95E-04	7.04E-04	1.01E-03	7.53E-04	8.07E-04	7.15E-04	8.41E-04	8.22E-04
Cr	54	7.65E-07	1.68E-06	4.18E-06	4.72E-06	1.04E-05	7.31E-06	7.15E-08	1.07E-05	1.24E-03	8.28E-06	4.65E-06	3.18E-05	2.88E-06	3.75E-06
Mn	55	6.89E-04	1.76E-03	3.67E-03	4.61E-03	7.04E-03	9.47E-03	5.94E-03	1.02E-02	1.13E-02	1.09E-02	1.18E-02	9.90E-03	1.19E-02	1.08E-02
Fe	54	4.33E-03	1.30E-02	2.50E-02	3.35E-02	5.30E-02	7.36E-02	3.40E-02	8.02E-02	8.38E-02	8.62E-02	9.98E-02	8.03E-02	1.07E-01	9.15E-02
Fe	56	3.53E-02	7.56E-02	1.62E-01	1.89E-01	2.75E-01	3.50E-01	3.27E-01	3.72E-01	3.82E-01	3.97E-01	3.91E-01	3.55E-01	3.65E-01	3.46E-01
Fe	57	1.30E-03	2.82E-03	5.77E-03	6.88E-03	9.83E-03	1.26E-02	1.03E-02	1.34E-02	1.34E-02	1.43E-02	1.44E-02	1.26E-02	1.38E-02	1.22E-02
Fe	58	5.69E-06	1.18E-05	3.01E-05	3.32E-05	7.17E-05	5.22E-05	8.57E-08	7.86E-05	5.07E-03	5.98E-05	2.75E-05	2.11E-04	6.80E-06	8.43E-06
Co	59	2.82E-05	7.82E-05	1.31E-04	1.84E-04	2.92E-04	3.74E-04	9.01E-05	4.25E-04	7.76E-04	4.65E-04	5.16E-04	4.72E-04	6.07E-04	6.05E-04
Ni	58	4.55E-03	1.16E-02	2.22E-02	2.85E-02	4.20E-02	5.57E-02	3.21E-02	6.01E-02	5.91E-02	6.47E-02	7.09E-02	5.85E-02	7.28E-02	6.03E-02
Ni	60	2.24E-04	6.40E-04	1.10E-03	1.57E-03	2.60E-03	3.33E-03	4.19E-04	3.88E-03	7.55E-03	4.21E-03	4.60E-03	4.42E-03	5.67E-03	6.62E-03
Ni	61	3.18E-06	5.36E-06	8.49E-06	9.85E-06	1.39E-05	1.72E-05	1.55E-05	1.93E-05	6.38E-05	2.05E-05	1.64E-05	2.05E-05	1.43E-05	1.54E-05
Ni	62	2.71E-05	4.60E-05	7.99E-05	9.07E-05	1.40E-04	1.54E-04	1.28E-04	1.85E-04	2.41E-03	1.82E-04	1.28E-04	2.61E-04	9.59E-05	1.01E-04
Ni	64	3.58E-09	6.64E-09	1.82E-08	1.94E-08	4.54E-08	2.32E-08	4.94E-14	3.74E-08	9.48E-06	2.39E-08	5.80E-09	1.60E-07	1.72E-11	2.46E-11
Cu	63	2.76E-08	5.24E-08	8.84E-08	1.10E-07	1.67E-07	1.97E-07	9.51E-08	2.32E-07	2.00E-06	2.41E-07	2.05E-07	2.91E-07	1.87E-07	2.21E-07
Cu	65	6.57E-09	1.01E-08	1.52E-08	1.64E-08	2.33E-08	3.17E-08	3.61E-08	3.36E-08	2.34E-07	3.60E-08	2.54E-08	3.36E-08	2.38E-08	2.59E-08
Zn	64	1.01E-07	1.66E-07	2.45E-07	2.80E-07	3.96E-07	5.53E-07	5.37E-07	5.82E-07	5.95E-07	6.47E-07	5.35E-07	5.16E-07	5.59E-07	6.10E-07
Zn	66	1.42E-07	2.18E-07	3.20E-07	3.49E-07	4.74E-07	6.83E-07	8.67E-07	7.10E-07	7.06E-07	7.87E-07	5.84E-07	5.81E-07	5.64E-07	6.10E-07
Zn	67	1.00E-10	1.50E-10	2.18E-10	2.37E-10	3.18E-10	4.60E-10	5.59E-10	4.73E-10	1.10E-09	5.28E-10	3.81E-10	3.91E-10	3.67E-10	3.94E-10
Zn	68	6.79E-11	1.04E-10	1.68E-10	1.86E-10	2.76E-10	3.23E-10	3.30E-10	3.66E-10	9.74E-09	3.69E-10	2.50E-10	5.15E-10	2.22E-10	2.34E-10
Zn	70	3.06E-16	5.32E-16	1.39E-15	1.46E-15	3.46E-15	1.29E-15	2.71E-25	2.12E-15	2.11E-12	1.15E-15	1.69E-16	1.37E-14	6.93E-22	1.17E-21
Ga	69	3.80E-14	7.16E-14	1.57E-13	1.75E-13	3.11E-13	2.53E-13	4.89E-15	3.72E-13	9.94E-12	3.09E-13	1.34E-13	7.92E-13	8.76E-15	1.08E-14
Ga	71	4.97E-16	8.05E-16	1.63E-15	1.78E-15	3.16E-15	2.43E-15	9.28E-16	3.31E-15	3.24E-13	2.73E-15	1.23E-15	8.67E-15	6.37E-16	6.69E-16
Ge	70	3.10E-14	6.53E-14	1.25E-13	1.54E-13	2.43E-13	2.51E-13	1.08E-15	3.29E-13	2.78E-12	3.21E-13	2.21E-13	4.94E-13	1.03E-13	1.33E-13